activation: leaky_relu
dropout_rate: 0.4709857909970271
hidden_size: 112
input_size: 54
lr: 0.0012261896778305826
num_classes: 4
num_hidden_layers: 2
