activation: elu
dropout_rate: 0.21514229826045833
hidden_size: 128
input_size: 54
lr: 0.0006139449536304479
num_classes: 4
num_hidden_layers: 1
