activation: leaky_relu
dropout_rate: 0.278210256911436
hidden_size: 96
input_size: 54
lr: 0.00016570990823338173
num_classes: 4
num_hidden_layers: 1
