activation: elu
dropout_rate: 0.18834442894150333
hidden_size: 144
input_size: 54
lr: 0.00044317354068919903
num_classes: 4
num_hidden_layers: 3
