activation: leaky_relu
dropout_rate: 0.216167911699429
hidden_size: 64
input_size: 54
lr: 0.0002781801507738067
num_classes: 4
num_hidden_layers: 2
