activation: leaky_relu
dropout_rate: 0.10760464954420024
hidden_size: 256
input_size: 54
lr: 0.00046952505079416725
num_classes: 4
num_hidden_layers: 1
