activation: elu
dropout_rate: 0.19687261683547305
hidden_size: 208
input_size: 54
lr: 0.00033058628444845417
num_classes: 4
num_hidden_layers: 2
